#           k/h    P           
   0.100000E-03   0.459706E+03
   0.102020E-03   0.468670E+03
   0.104081E-03   0.477808E+03
   0.106184E-03   0.487125E+03
   0.108329E-03   0.496623E+03
   0.110517E-03   0.506306E+03
   0.112750E-03   0.516178E+03
   0.115027E-03   0.526242E+03
   0.117351E-03   0.536501E+03
   0.119722E-03   0.546961E+03
   0.122140E-03   0.557624E+03
   0.124608E-03   0.568495E+03
   0.127125E-03   0.579577E+03
   0.129693E-03   0.590876E+03
   0.132313E-03   0.602393E+03
   0.134986E-03   0.614136E+03
   0.137713E-03   0.626106E+03
   0.140495E-03   0.638310E+03
   0.143333E-03   0.650751E+03
   0.146228E-03   0.663434E+03
   0.149182E-03   0.676363E+03
   0.152196E-03   0.689544E+03
   0.155271E-03   0.702981E+03
   0.158407E-03   0.716680E+03
   0.161607E-03   0.730645E+03
   0.164872E-03   0.744881E+03
   0.168203E-03   0.759394E+03
   0.171601E-03   0.774189E+03
   0.175067E-03   0.789271E+03
   0.178604E-03   0.804647E+03
   0.182212E-03   0.820320E+03
   0.185893E-03   0.836299E+03
   0.189648E-03   0.852587E+03
   0.193479E-03   0.869192E+03
   0.197388E-03   0.886118E+03
   0.201375E-03   0.903373E+03
   0.205443E-03   0.920963E+03
   0.209594E-03   0.938894E+03
   0.213828E-03   0.957173E+03
   0.218147E-03   0.975806E+03
   0.222554E-03   0.994800E+03
   0.227050E-03   0.101416E+04
   0.231637E-03   0.103390E+04
   0.236316E-03   0.105402E+04
   0.241090E-03   0.107453E+04
   0.245960E-03   0.109543E+04
   0.250929E-03   0.111674E+04
   0.255998E-03   0.113846E+04
   0.261170E-03   0.116061E+04
   0.266446E-03   0.118318E+04
   0.271828E-03   0.120618E+04
   0.277319E-03   0.122963E+04
   0.282922E-03   0.125354E+04
   0.288637E-03   0.127790E+04
   0.294468E-03   0.130273E+04
   0.300417E-03   0.132805E+04
   0.306485E-03   0.135385E+04
   0.312677E-03   0.138015E+04
   0.318993E-03   0.140695E+04
   0.325437E-03   0.143427E+04
   0.332012E-03   0.146211E+04
   0.338719E-03   0.149049E+04
   0.345561E-03   0.151942E+04
   0.352542E-03   0.154890E+04
   0.359664E-03   0.157895E+04
   0.366930E-03   0.160957E+04
   0.374342E-03   0.164078E+04
   0.381904E-03   0.167259E+04
   0.389619E-03   0.170500E+04
   0.397490E-03   0.173804E+04
   0.405520E-03   0.177171E+04
   0.413712E-03   0.180602E+04
   0.422070E-03   0.184098E+04
   0.430596E-03   0.187662E+04
   0.439295E-03   0.191293E+04
   0.448169E-03   0.194993E+04
   0.457222E-03   0.198764E+04
   0.466459E-03   0.202606E+04
   0.475882E-03   0.206521E+04
   0.485496E-03   0.210511E+04
   0.495303E-03   0.214576E+04
   0.505309E-03   0.218718E+04
   0.515517E-03   0.222938E+04
   0.525931E-03   0.227238E+04
   0.536556E-03   0.231620E+04
   0.547395E-03   0.236083E+04
   0.558453E-03   0.240631E+04
   0.569734E-03   0.245265E+04
   0.581244E-03   0.249985E+04
   0.592986E-03   0.254794E+04
   0.604965E-03   0.259693E+04
   0.617186E-03   0.264684E+04
   0.629654E-03   0.269767E+04
   0.642374E-03   0.274946E+04
   0.655350E-03   0.280221E+04
   0.668589E-03   0.285595E+04
   0.682096E-03   0.291068E+04
   0.695875E-03   0.296642E+04
   0.709933E-03   0.302320E+04
   0.724274E-03   0.308103E+04
   0.738906E-03   0.313992E+04
   0.753832E-03   0.319990E+04
   0.769061E-03   0.326098E+04
   0.784597E-03   0.332318E+04
   0.800447E-03   0.338652E+04
   0.816617E-03   0.345102E+04
   0.833114E-03   0.351669E+04
   0.849944E-03   0.358356E+04
   0.867114E-03   0.365164E+04
   0.884631E-03   0.372096E+04
   0.902501E-03   0.379153E+04
   0.920733E-03   0.386337E+04
   0.939333E-03   0.393650E+04
   0.958309E-03   0.401095E+04
   0.977668E-03   0.408673E+04
   0.997418E-03   0.416386E+04
   0.101757E-02   0.424237E+04
   0.103812E-02   0.432227E+04
   0.105910E-02   0.440358E+04
   0.108049E-02   0.448633E+04
   0.110232E-02   0.457053E+04
   0.112459E-02   0.465621E+04
   0.114730E-02   0.474339E+04
   0.117048E-02   0.483208E+04
   0.119413E-02   0.492231E+04
   0.121825E-02   0.501411E+04
   0.124286E-02   0.510748E+04
   0.126797E-02   0.520246E+04
   0.129358E-02   0.529906E+04
   0.131971E-02   0.539731E+04
   0.134637E-02   0.549722E+04
   0.137357E-02   0.559882E+04
   0.140132E-02   0.570213E+04
   0.142963E-02   0.580716E+04
   0.145851E-02   0.591394E+04
   0.148797E-02   0.602249E+04
   0.151803E-02   0.613283E+04
   0.154870E-02   0.624498E+04
   0.157998E-02   0.635896E+04
   0.161190E-02   0.647479E+04
   0.164446E-02   0.659248E+04
   0.167768E-02   0.671207E+04
   0.171158E-02   0.683356E+04
   0.174615E-02   0.695697E+04
   0.178143E-02   0.708233E+04
   0.181741E-02   0.720964E+04
   0.185413E-02   0.733894E+04
   0.189158E-02   0.747023E+04
   0.192980E-02   0.760352E+04
   0.196878E-02   0.773885E+04
   0.200855E-02   0.787621E+04
   0.204913E-02   0.801563E+04
   0.209052E-02   0.815713E+04
   0.213276E-02   0.830070E+04
   0.217584E-02   0.844637E+04
   0.221979E-02   0.859414E+04
   0.226464E-02   0.874404E+04
   0.231039E-02   0.889606E+04
   0.235706E-02   0.905022E+04
   0.240467E-02   0.920653E+04
   0.245325E-02   0.936499E+04
   0.250281E-02   0.952561E+04
   0.255337E-02   0.968840E+04
   0.260495E-02   0.985335E+04
   0.265758E-02   0.100205E+05
   0.271126E-02   0.101898E+05
   0.276603E-02   0.103613E+05
   0.282191E-02   0.105349E+05
   0.287892E-02   0.107107E+05
   0.293708E-02   0.108887E+05
   0.299641E-02   0.110689E+05
   0.305694E-02   0.112512E+05
   0.311870E-02   0.114356E+05
   0.318170E-02   0.116222E+05
   0.324597E-02   0.118110E+05
   0.331155E-02   0.120018E+05
   0.337844E-02   0.121947E+05
   0.344669E-02   0.123897E+05
   0.351632E-02   0.125868E+05
   0.358735E-02   0.127859E+05
   0.365982E-02   0.129870E+05
   0.373376E-02   0.131901E+05
   0.380918E-02   0.133952E+05
   0.388613E-02   0.136022E+05
   0.396464E-02   0.138111E+05
   0.404473E-02   0.140218E+05
   0.412644E-02   0.142344E+05
   0.420980E-02   0.144487E+05
   0.429484E-02   0.146648E+05
   0.438160E-02   0.148826E+05
   0.447012E-02   0.151020E+05
   0.456042E-02   0.153229E+05
   0.465255E-02   0.155455E+05
   0.474653E-02   0.157694E+05
   0.484242E-02   0.159948E+05
   0.494024E-02   0.162215E+05
   0.504004E-02   0.164495E+05
   0.514186E-02   0.166786E+05
   0.524573E-02   0.169089E+05
   0.535170E-02   0.171402E+05
   0.545981E-02   0.173724E+05
   0.557011E-02   0.176056E+05
   0.568263E-02   0.178396E+05
   0.579743E-02   0.180742E+05
   0.591455E-02   0.183094E+05
   0.603403E-02   0.185450E+05
   0.615592E-02   0.187809E+05
   0.628028E-02   0.190170E+05
   0.640715E-02   0.192530E+05
   0.653658E-02   0.194891E+05
   0.666863E-02   0.197248E+05
   0.680335E-02   0.199603E+05
   0.694078E-02   0.201953E+05
   0.708100E-02   0.204296E+05
   0.722404E-02   0.206632E+05
   0.736998E-02   0.208958E+05
   0.751886E-02   0.211274E+05
   0.767075E-02   0.213578E+05
   0.782571E-02   0.215867E+05
   0.798380E-02   0.218140E+05
   0.814509E-02   0.220395E+05
   0.830963E-02   0.222631E+05
   0.847750E-02   0.224844E+05
   0.864875E-02   0.227034E+05
   0.882347E-02   0.229198E+05
   0.900171E-02   0.231333E+05
   0.918356E-02   0.233438E+05
   0.936908E-02   0.235509E+05
   0.955835E-02   0.237546E+05
   0.975144E-02   0.239545E+05
   0.994843E-02   0.241504E+05
   0.101494E-01   0.243420E+05
   0.103544E-01   0.245291E+05
   0.105636E-01   0.247115E+05
   0.107770E-01   0.248887E+05
   0.109947E-01   0.250607E+05
   0.112168E-01   0.252271E+05
   0.114434E-01   0.253875E+05
   0.116746E-01   0.255419E+05
   0.119104E-01   0.256897E+05
   0.121510E-01   0.258308E+05
   0.123965E-01   0.259649E+05
   0.126469E-01   0.260916E+05
   0.129024E-01   0.262106E+05
   0.131631E-01   0.263217E+05
   0.134290E-01   0.264245E+05
   0.137003E-01   0.265187E+05
   0.139770E-01   0.266041E+05
   0.142594E-01   0.266802E+05
   0.145474E-01   0.267469E+05
   0.148413E-01   0.268038E+05
   0.151411E-01   0.268507E+05
   0.154470E-01   0.268872E+05
   0.157590E-01   0.269131E+05
   0.160774E-01   0.269281E+05
   0.164022E-01   0.269319E+05
   0.167335E-01   0.269243E+05
   0.170716E-01   0.269051E+05
   0.174164E-01   0.268740E+05
   0.177683E-01   0.268308E+05
   0.181272E-01   0.267754E+05
   0.184934E-01   0.267075E+05
   0.188670E-01   0.266270E+05
   0.192481E-01   0.265339E+05
   0.196370E-01   0.264280E+05
   0.200337E-01   0.263092E+05
   0.204384E-01   0.261775E+05
   0.208513E-01   0.260329E+05
   0.212725E-01   0.258754E+05
   0.217022E-01   0.257052E+05
   0.221406E-01   0.255222E+05
   0.225879E-01   0.253266E+05
   0.230442E-01   0.251186E+05
   0.235097E-01   0.248985E+05
   0.239847E-01   0.246666E+05
   0.244692E-01   0.244230E+05
   0.249635E-01   0.241683E+05
   0.254678E-01   0.239027E+05
   0.259823E-01   0.236269E+05
   0.265072E-01   0.233413E+05
   0.270426E-01   0.230464E+05
   0.275889E-01   0.227429E+05
   0.281463E-01   0.224314E+05
   0.287149E-01   0.221126E+05
   0.292949E-01   0.217874E+05
   0.298867E-01   0.214566E+05
   0.304905E-01   0.211207E+05
   0.311064E-01   0.207809E+05
   0.317348E-01   0.204379E+05
   0.323759E-01   0.200927E+05
   0.330299E-01   0.197462E+05
   0.336972E-01   0.193992E+05
   0.343779E-01   0.190528E+05
   0.350724E-01   0.187082E+05
   0.357809E-01   0.183663E+05
   0.365038E-01   0.180283E+05
   0.372412E-01   0.176949E+05
   0.379935E-01   0.173670E+05
   0.387610E-01   0.170451E+05
   0.395440E-01   0.167297E+05
   0.403429E-01   0.164213E+05
   0.411579E-01   0.161203E+05
   0.419893E-01   0.158277E+05
   0.428375E-01   0.155448E+05
   0.437029E-01   0.152726E+05
   0.445858E-01   0.150122E+05
   0.454865E-01   0.147641E+05
   0.464053E-01   0.145279E+05
   0.473428E-01   0.143029E+05
   0.482992E-01   0.140883E+05
   0.492749E-01   0.138835E+05
   0.502703E-01   0.136877E+05
   0.512858E-01   0.135002E+05
   0.523219E-01   0.133203E+05
   0.533789E-01   0.131472E+05
   0.544572E-01   0.129799E+05
   0.555573E-01   0.128172E+05
   0.566796E-01   0.126581E+05
   0.578246E-01   0.125013E+05
   0.589927E-01   0.123454E+05
   0.601845E-01   0.121889E+05
   0.614003E-01   0.120302E+05
   0.626407E-01   0.118680E+05
   0.639061E-01   0.117008E+05
   0.651971E-01   0.115274E+05
   0.665142E-01   0.113463E+05
   0.678578E-01   0.111557E+05
   0.692287E-01   0.109539E+05
   0.706272E-01   0.107398E+05
   0.720539E-01   0.105131E+05
   0.735095E-01   0.102741E+05
   0.749945E-01   0.100232E+05
   0.765095E-01   0.976199E+04
   0.780551E-01   0.949201E+04
   0.796319E-01   0.921548E+04
   0.812406E-01   0.893497E+04
   0.828817E-01   0.865304E+04
   0.845561E-01   0.837251E+04
   0.862642E-01   0.809605E+04
   0.880068E-01   0.782644E+04
   0.897847E-01   0.756634E+04
   0.915985E-01   0.731810E+04
   0.934489E-01   0.708396E+04
   0.953367E-01   0.686592E+04
   0.972626E-01   0.666555E+04
   0.992274E-01   0.648369E+04
   0.101232E+00   0.632090E+04
   0.103277E+00   0.617675E+04
   0.105363E+00   0.604991E+04
   0.107492E+00   0.593875E+04
   0.109663E+00   0.584045E+04
   0.111879E+00   0.575201E+04
   0.114139E+00   0.566989E+04
   0.116445E+00   0.559030E+04
   0.118797E+00   0.550951E+04
   0.121197E+00   0.542383E+04
   0.123645E+00   0.533005E+04
   0.126143E+00   0.522563E+04
   0.128691E+00   0.510897E+04
   0.131291E+00   0.497980E+04
   0.133943E+00   0.483890E+04
   0.136649E+00   0.468830E+04
   0.139409E+00   0.453078E+04
   0.142226E+00   0.436973E+04
   0.145099E+00   0.420916E+04
   0.148030E+00   0.405326E+04
   0.151020E+00   0.390631E+04
   0.154071E+00   0.377185E+04
   0.157184E+00   0.365203E+04
   0.160359E+00   0.354799E+04
   0.163598E+00   0.345976E+04
   0.166903E+00   0.338517E+04
   0.170275E+00   0.332116E+04
   0.173715E+00   0.326412E+04
   0.177224E+00   0.321014E+04
   0.180804E+00   0.315499E+04
   0.184457E+00   0.309458E+04
   0.188183E+00   0.302596E+04
   0.191985E+00   0.294814E+04
   0.195863E+00   0.286193E+04
   0.199820E+00   0.276956E+04
   0.203856E+00   0.267449E+04
   0.207974E+00   0.258047E+04
   0.212176E+00   0.249117E+04
   0.216462E+00   0.240982E+04
   0.220835E+00   0.233857E+04
   0.225296E+00   0.227788E+04
   0.229847E+00   0.222634E+04
   0.234490E+00   0.218121E+04
   0.239227E+00   0.213910E+04
   0.244060E+00   0.209636E+04
   0.248990E+00   0.205060E+04
   0.254020E+00   0.199970E+04
   0.259152E+00   0.194397E+04
   0.264387E+00   0.188594E+04
   0.269728E+00   0.182780E+04
   0.275177E+00   0.177219E+04
   0.280736E+00   0.172174E+04
   0.286407E+00   0.167769E+04
   0.292193E+00   0.163884E+04
   0.298096E+00   0.160398E+04
   0.304118E+00   0.157075E+04
   0.310261E+00   0.153699E+04
   0.316529E+00   0.150155E+04
   0.322923E+00   0.146368E+04
   0.329447E+00   0.142516E+04
   0.336102E+00   0.138754E+04
   0.342892E+00   0.135249E+04
   0.349819E+00   0.132044E+04
   0.356885E+00   0.129152E+04
   0.364095E+00   0.126464E+04
   0.371450E+00   0.123842E+04
   0.378954E+00   0.121167E+04
   0.386609E+00   0.118441E+04
   0.394419E+00   0.115700E+04
   0.402387E+00   0.113051E+04
   0.410516E+00   0.110557E+04
   0.418809E+00   0.108244E+04
   0.427269E+00   0.106063E+04
   0.435901E+00   0.103941E+04
   0.444706E+00   0.101839E+04
   0.453690E+00   0.997345E+03
   0.462855E+00   0.976608E+03
   0.472206E+00   0.956772E+03
   0.481745E+00   0.937935E+03
   0.491477E+00   0.919920E+03
   0.501405E+00   0.902408E+03
   0.511534E+00   0.885177E+03
   0.521868E+00   0.868206E+03
   0.532411E+00   0.851669E+03
   0.543166E+00   0.835698E+03
   0.554139E+00   0.820369E+03
   0.565333E+00   0.805412E+03
   0.576753E+00   0.790758E+03
   0.588404E+00   0.776379E+03
   0.600291E+00   0.762368E+03
   0.612418E+00   0.748763E+03
   0.624789E+00   0.735489E+03
   0.637411E+00   0.722504E+03
   0.650288E+00   0.709799E+03
   0.663424E+00   0.697366E+03
   0.676826E+00   0.685193E+03
   0.690499E+00   0.673268E+03
   0.704448E+00   0.661577E+03
   0.718679E+00   0.650105E+03
   0.733197E+00   0.638841E+03
   0.748009E+00   0.627773E+03
   0.763119E+00   0.616890E+03
   0.778536E+00   0.606183E+03
   0.794263E+00   0.595642E+03
   0.810308E+00   0.585258E+03
   0.826677E+00   0.575024E+03
   0.843378E+00   0.564931E+03
   0.860415E+00   0.554973E+03
   0.877797E+00   0.545141E+03
   0.895529E+00   0.535430E+03
   0.913620E+00   0.525831E+03
   0.932076E+00   0.516340E+03
   0.950906E+00   0.506952E+03
   0.970115E+00   0.497662E+03
   0.989713E+00   0.488466E+03
   0.100971E+01   0.479361E+03
   0.103010E+01   0.470343E+03
   0.105091E+01   0.461410E+03
   0.107214E+01   0.452559E+03
   0.109380E+01   0.443789E+03
   0.111590E+01   0.435096E+03
   0.113844E+01   0.426481E+03
   0.116144E+01   0.417941E+03
   0.118490E+01   0.409477E+03
   0.120884E+01   0.401087E+03
   0.123326E+01   0.392773E+03
   0.125817E+01   0.384534E+03
   0.128359E+01   0.376371E+03
   0.130952E+01   0.368284E+03
   0.133597E+01   0.360275E+03
   0.136296E+01   0.352344E+03
   0.139049E+01   0.344493E+03
   0.141858E+01   0.336723E+03
   0.144724E+01   0.329035E+03
   0.147648E+01   0.321433E+03
   0.150630E+01   0.313916E+03
   0.153673E+01   0.306487E+03
   0.156778E+01   0.299148E+03
   0.159945E+01   0.291900E+03
   0.163176E+01   0.284745E+03
   0.166472E+01   0.277685E+03
   0.169835E+01   0.270722E+03
   0.173266E+01   0.263858E+03
   0.176766E+01   0.257095E+03
   0.180337E+01   0.250434E+03
   0.183980E+01   0.243877E+03
   0.187697E+01   0.237424E+03
   0.191489E+01   0.231077E+03
   0.195357E+01   0.224838E+03
   0.199304E+01   0.218707E+03
   0.203330E+01   0.212686E+03
   0.207437E+01   0.206775E+03
   0.211628E+01   0.200975E+03
   0.215903E+01   0.195286E+03
   0.220265E+01   0.189710E+03
   0.224714E+01   0.184246E+03
   0.229254E+01   0.178894E+03
   0.233885E+01   0.173655E+03
   0.238610E+01   0.168527E+03
   0.243430E+01   0.163512E+03
   0.248348E+01   0.158608E+03
   0.253365E+01   0.153815E+03
   0.258483E+01   0.149132E+03
   0.263704E+01   0.144559E+03
   0.269032E+01   0.140095E+03
   0.274466E+01   0.135739E+03
   0.280011E+01   0.131489E+03
   0.285668E+01   0.127346E+03
   0.291439E+01   0.123308E+03
   0.297326E+01   0.119373E+03
   0.303332E+01   0.115540E+03
   0.309460E+01   0.111808E+03
   0.315712E+01   0.108175E+03
   0.322090E+01   0.104641E+03
   0.328596E+01   0.101202E+03
   0.335234E+01   0.978583E+02
   0.342006E+01   0.946076E+02
   0.348916E+01   0.914484E+02
   0.355964E+01   0.883790E+02
   0.363155E+01   0.853977E+02
   0.370491E+01   0.825029E+02
   0.377976E+01   0.796928E+02
   0.385611E+01   0.769657E+02
   0.393401E+01   0.743200E+02
   0.401348E+01   0.717539E+02
   0.409456E+01   0.692656E+02
   0.417727E+01   0.668535E+02
   0.426166E+01   0.645158E+02
   0.434775E+01   0.622508E+02
   0.443558E+01   0.600569E+02
   0.452519E+01   0.579322E+02
   0.461660E+01   0.558751E+02
   0.470987E+01   0.538838E+02
   0.480501E+01   0.519564E+02
   0.490208E+01   0.500909E+02
   0.500111E+01   0.482855E+02
   0.510214E+01   0.465385E+02
   0.520521E+01   0.448482E+02
   0.531036E+01   0.432128E+02
   0.541763E+01   0.416308E+02
   0.552708E+01   0.401005E+02
   0.563873E+01   0.386205E+02
   0.575264E+01   0.371893E+02
   0.586885E+01   0.358056E+02
   0.598741E+01   0.344685E+02
   0.610836E+01   0.331772E+02
   0.623176E+01   0.319307E+02
   0.635765E+01   0.307280E+02
   0.648609E+01   0.295682E+02
   0.661711E+01   0.284502E+02
   0.675079E+01   0.273729E+02
   0.688716E+01   0.263354E+02
   0.702629E+01   0.253366E+02
