#          k/h    CDM            baryon         photon         nu             mass_nu        total          no_nu          total_de       Weyl           v_CDM          v_b            v_b-v_c     
   0.102157E-04   0.174595E+08   0.174595E+08   0.232671E+08   0.232668E+08   0.174615E+08   0.174595E+08   0.174595E+08   0.174648E+08  -0.466066E+00   0.888678E+07   0.888678E+07   0.428748E+01
   0.112882E-04   0.174595E+08   0.174595E+08   0.232644E+08   0.232641E+08   0.174615E+08   0.174595E+08   0.174595E+08   0.174648E+08  -0.466066E+00   0.888678E+07   0.888678E+07   0.473746E+01
   0.124734E-04   0.174595E+08   0.174595E+08   0.232611E+08   0.232607E+08   0.174615E+08   0.174595E+08   0.174595E+08   0.174648E+08  -0.466066E+00   0.888677E+07   0.888677E+07   0.523463E+01
   0.137830E-04   0.174595E+08   0.174595E+08   0.232571E+08   0.232566E+08   0.174614E+08   0.174595E+08   0.174595E+08   0.174647E+08  -0.466066E+00   0.888677E+07   0.888677E+07   0.578391E+01
   0.152300E-04   0.174595E+08   0.174595E+08   0.232522E+08   0.232516E+08   0.174614E+08   0.174595E+08   0.174595E+08   0.174647E+08  -0.466065E+00   0.888676E+07   0.888676E+07   0.639076E+01
   0.168290E-04   0.174595E+08   0.174595E+08   0.232462E+08   0.232454E+08   0.174614E+08   0.174595E+08   0.174595E+08   0.174647E+08  -0.466065E+00   0.888676E+07   0.888676E+07   0.706118E+01
   0.185959E-04   0.174594E+08   0.174594E+08   0.232388E+08   0.232379E+08   0.174614E+08   0.174595E+08   0.174594E+08   0.174647E+08  -0.466065E+00   0.888675E+07   0.888675E+07   0.780181E+01
   0.205483E-04   0.174594E+08   0.174594E+08   0.232299E+08   0.232288E+08   0.174613E+08   0.174594E+08   0.174594E+08   0.174647E+08  -0.466064E+00   0.888674E+07   0.888674E+07   0.861994E+01
   0.227056E-04   0.174594E+08   0.174594E+08   0.232190E+08   0.232176E+08   0.174613E+08   0.174594E+08   0.174594E+08   0.174647E+08  -0.466063E+00   0.888674E+07   0.888674E+07   0.952362E+01
   0.250895E-04   0.174594E+08   0.174594E+08   0.232056E+08   0.232040E+08   0.174612E+08   0.174594E+08   0.174594E+08   0.174646E+08  -0.466063E+00   0.888672E+07   0.888672E+07   0.105217E+02
   0.277236E-04   0.174594E+08   0.174594E+08   0.231894E+08   0.231874E+08   0.174611E+08   0.174594E+08   0.174594E+08   0.174646E+08  -0.466062E+00   0.888671E+07   0.888671E+07   0.116240E+02
   0.306343E-04   0.174593E+08   0.174593E+08   0.231695E+08   0.231671E+08   0.174610E+08   0.174593E+08   0.174593E+08   0.174646E+08  -0.466061E+00   0.888669E+07   0.888669E+07   0.128411E+02
   0.338505E-04   0.174593E+08   0.174593E+08   0.231453E+08   0.231424E+08   0.174609E+08   0.174593E+08   0.174593E+08   0.174645E+08  -0.466059E+00   0.888667E+07   0.888667E+07   0.141849E+02
   0.374045E-04   0.174592E+08   0.174592E+08   0.231158E+08   0.231122E+08   0.174608E+08   0.174592E+08   0.174592E+08   0.174645E+08  -0.466058E+00   0.888664E+07   0.888664E+07   0.156683E+02
   0.413315E-04   0.174592E+08   0.174592E+08   0.230798E+08   0.230754E+08   0.174606E+08   0.174592E+08   0.174592E+08   0.174644E+08  -0.466056E+00   0.888661E+07   0.888661E+07   0.173054E+02
   0.456709E-04   0.174591E+08   0.174591E+08   0.230359E+08   0.230305E+08   0.174604E+08   0.174591E+08   0.174591E+08   0.174643E+08  -0.466053E+00   0.888658E+07   0.888657E+07   0.191116E+02
   0.504659E-04   0.174590E+08   0.174590E+08   0.229824E+08   0.229759E+08   0.174602E+08   0.174590E+08   0.174590E+08   0.174642E+08  -0.466050E+00   0.888653E+07   0.888652E+07   0.211036E+02
   0.557642E-04   0.174589E+08   0.174589E+08   0.229173E+08   0.229093E+08   0.174599E+08   0.174589E+08   0.174589E+08   0.174641E+08  -0.466046E+00   0.888647E+07   0.888647E+07   0.232998E+02
   0.616189E-04   0.174588E+08   0.174588E+08   0.228379E+08   0.228283E+08   0.174595E+08   0.174588E+08   0.174588E+08   0.174639E+08  -0.466042E+00   0.888640E+07   0.888640E+07   0.257198E+02
   0.680882E-04   0.174586E+08   0.174586E+08   0.227414E+08   0.227296E+08   0.174591E+08   0.174586E+08   0.174586E+08   0.174637E+08  -0.466036E+00   0.888632E+07   0.888631E+07   0.283848E+02
   0.752367E-04   0.174584E+08   0.174584E+08   0.226241E+08   0.226098E+08   0.174586E+08   0.174584E+08   0.174584E+08   0.174635E+08  -0.466030E+00   0.888621E+07   0.888620E+07   0.313174E+02
   0.831358E-04   0.174582E+08   0.174581E+08   0.224816E+08   0.224642E+08   0.174579E+08   0.174582E+08   0.174582E+08   0.174632E+08  -0.466021E+00   0.888608E+07   0.888608E+07   0.345413E+02
   0.918642E-04   0.174579E+08   0.174578E+08   0.223087E+08   0.222876E+08   0.174571E+08   0.174578E+08   0.174579E+08   0.174629E+08  -0.466011E+00   0.888593E+07   0.888592E+07   0.380816E+02
   0.101509E-03   0.174575E+08   0.174575E+08   0.220993E+08   0.220737E+08   0.174561E+08   0.174575E+08   0.174575E+08   0.174625E+08  -0.465999E+00   0.888574E+07   0.888572E+07   0.419639E+02
   0.112166E-03   0.174570E+08   0.174570E+08   0.218460E+08   0.218150E+08   0.174549E+08   0.174570E+08   0.174570E+08   0.174620E+08  -0.465984E+00   0.888551E+07   0.888549E+07   0.462140E+02
   0.123943E-03   0.174565E+08   0.174565E+08   0.215404E+08   0.215030E+08   0.174534E+08   0.174565E+08   0.174565E+08   0.174614E+08  -0.465966E+00   0.888522E+07   0.888520E+07   0.508569E+02
   0.136955E-03   0.174558E+08   0.174558E+08   0.211726E+08   0.211275E+08   0.174516E+08   0.174558E+08   0.174558E+08   0.174606E+08  -0.465944E+00   0.888488E+07   0.888486E+07   0.559161E+02
   0.151334E-03   0.174550E+08   0.174550E+08   0.207314E+08   0.206772E+08   0.174495E+08   0.174550E+08   0.174550E+08   0.174597E+08  -0.465917E+00   0.888446E+07   0.888443E+07   0.614113E+02
   0.167222E-03   0.174541E+08   0.174540E+08   0.202042E+08   0.201393E+08   0.174468E+08   0.174540E+08   0.174540E+08   0.174586E+08  -0.465885E+00   0.888395E+07   0.888392E+07   0.673570E+02
   0.184779E-03   0.174529E+08   0.174527E+08   0.195772E+08   0.194999E+08   0.174436E+08   0.174528E+08   0.174528E+08   0.174572E+08  -0.465845E+00   0.888333E+07   0.888329E+07   0.737591E+02
   0.204179E-03   0.174514E+08   0.174513E+08   0.188361E+08   0.187445E+08   0.174396E+08   0.174513E+08   0.174514E+08   0.174556E+08  -0.465798E+00   0.888257E+07   0.888252E+07   0.806116E+02
   0.225615E-03   0.174496E+08   0.174495E+08   0.179665E+08   0.178586E+08   0.174348E+08   0.174496E+08   0.174496E+08   0.174536E+08  -0.465740E+00   0.888165E+07   0.888160E+07   0.878920E+02
   0.249303E-03   0.174475E+08   0.174473E+08   0.169553E+08   0.168293E+08   0.174290E+08   0.174474E+08   0.174475E+08   0.174512E+08  -0.465670E+00   0.888054E+07   0.888047E+07   0.955552E+02
   0.275477E-03   0.174449E+08   0.174446E+08   0.157926E+08   0.156470E+08   0.174218E+08   0.174448E+08   0.174449E+08   0.174483E+08  -0.465586E+00   0.887918E+07   0.887910E+07   0.103528E+03
   0.304399E-03   0.174417E+08   0.174414E+08   0.144741E+08   0.143078E+08   0.174132E+08   0.174416E+08   0.174417E+08   0.174448E+08  -0.465485E+00   0.887754E+07   0.887744E+07   0.111699E+03
   0.336358E-03   0.174379E+08   0.174376E+08   0.130045E+08   0.128177E+08   0.174027E+08   0.174377E+08   0.174379E+08   0.174407E+08  -0.465364E+00   0.887556E+07   0.887544E+07   0.119915E+03
   0.371671E-03   0.174333E+08   0.174329E+08   0.114017E+08   0.111958E+08   0.173899E+08   0.174331E+08   0.174333E+08   0.174357E+08  -0.465219E+00   0.887316E+07   0.887302E+07   0.127972E+03
   0.410693E-03   0.174278E+08   0.174273E+08   0.970058E+07   0.947907E+07   0.173745E+08   0.174275E+08   0.174277E+08   0.174297E+08  -0.465047E+00   0.887028E+07   0.887011E+07   0.135609E+03
   0.453811E-03   0.174211E+08   0.174205E+08   0.795655E+07   0.772546E+07   0.173558E+08   0.174208E+08   0.174210E+08   0.174226E+08  -0.464844E+00   0.886682E+07   0.886662E+07   0.142511E+03
   0.501457E-03   0.174132E+08   0.174125E+08   0.624614E+07   0.601424E+07   0.173332E+08   0.174127E+08   0.174131E+08   0.174141E+08  -0.464603E+00   0.886266E+07   0.886244E+07   0.148320E+03
   0.554104E-03   0.174037E+08   0.174028E+08   0.466267E+07   0.444138E+07   0.173059E+08   0.174031E+08   0.174035E+08   0.174042E+08  -0.464322E+00   0.885771E+07   0.885746E+07   0.152650E+03
   0.612279E-03   0.173923E+08   0.173914E+08   0.330432E+07   0.310662E+07   0.172731E+08   0.173917E+08   0.173922E+08   0.173924E+08  -0.463992E+00   0.885182E+07   0.885153E+07   0.155130E+03
   0.676562E-03   0.173789E+08   0.173778E+08   0.225289E+07   0.209136E+07   0.172338E+08   0.173782E+08   0.173787E+08   0.173787E+08  -0.463609E+00   0.884484E+07   0.884452E+07   0.155445E+03
   0.747594E-03   0.173631E+08   0.173619E+08   0.154593E+07   0.142971E+07   0.171867E+08   0.173622E+08   0.173629E+08   0.173625E+08  -0.463163E+00   0.883661E+07   0.883626E+07   0.153400E+03
   0.826083E-03   0.173444E+08   0.173431E+08   0.115151E+07   0.108299E+07   0.171305E+08   0.173434E+08   0.173442E+08   0.173436E+08  -0.462647E+00   0.882694E+07   0.882658E+07   0.148969E+03
   0.912813E-03   0.173226E+08   0.173211E+08   0.963319E+06   0.936014E+06   0.170638E+08   0.173213E+08   0.173224E+08   0.173215E+08  -0.462049E+00   0.881564E+07   0.881526E+07   0.142322E+03
   0.100865E-02   0.172971E+08   0.172955E+08   0.835025E+06   0.834555E+06   0.169847E+08   0.172956E+08   0.172969E+08   0.172958E+08  -0.461355E+00   0.880248E+07   0.880207E+07   0.133808E+03
   0.111455E-02   0.172674E+08   0.172658E+08   0.655247E+06   0.664350E+06   0.168914E+08   0.172657E+08   0.172672E+08   0.172658E+08  -0.460551E+00   0.878718E+07   0.878677E+07   0.123892E+03
   0.123156E-02   0.172330E+08   0.172313E+08   0.421629E+06   0.427236E+06   0.167821E+08   0.172309E+08   0.172327E+08   0.172310E+08  -0.459619E+00   0.876946E+07   0.876904E+07   0.113085E+03
   0.136086E-02   0.171931E+08   0.171914E+08   0.234466E+06   0.231927E+06   0.166550E+08   0.171907E+08   0.171929E+08   0.171907E+08  -0.458542E+00   0.874897E+07   0.874855E+07   0.101907E+03
   0.150374E-02   0.171471E+08   0.171454E+08   0.172605E+06   0.163664E+06   0.165084E+08   0.171443E+08   0.171468E+08   0.171443E+08  -0.457300E+00   0.872533E+07   0.872492E+07   0.909101E+02
   0.166162E-02   0.170942E+08   0.170924E+08   0.172709E+06  -0.178965E+06   0.163407E+08   0.170908E+08   0.170939E+08   0.170909E+08  -0.455871E+00   0.869816E+07   0.869776E+07   0.806787E+02
   0.183607E-02   0.170334E+08   0.170316E+08   0.117651E+06  -0.146045E+06   0.161504E+08   0.170295E+08   0.170331E+08   0.170295E+08  -0.454234E+00   0.866698E+07   0.866658E+07   0.716954E+02
   0.202883E-02   0.169638E+08   0.169620E+08   0.421425E+05  -0.119119E+06   0.159366E+08   0.169594E+08   0.169635E+08   0.169594E+08  -0.452362E+00   0.863132E+07   0.863093E+07   0.641500E+02
   0.224184E-02   0.168845E+08   0.168826E+08   0.382236E+05  -0.971008E+05   0.156987E+08   0.168794E+08   0.168842E+08   0.168794E+08  -0.450227E+00   0.859067E+07   0.859028E+07   0.579096E+02
   0.247721E-02   0.167944E+08   0.167923E+08   0.307630E+05  -0.791009E+05   0.154365E+08   0.167886E+08   0.167941E+08   0.167886E+08  -0.447804E+00   0.854450E+07   0.854411E+07   0.526445E+02
   0.273729E-02   0.166924E+08   0.166902E+08   0.655750E+04  -0.643905E+05   0.151499E+08   0.166858E+08   0.166920E+08   0.166858E+08  -0.445061E+00   0.849226E+07   0.849186E+07   0.479125E+02
   0.302468E-02   0.165773E+08   0.165749E+08   0.147202E+05  -0.523733E+05   0.148388E+08   0.165699E+08   0.165769E+08   0.165699E+08  -0.441969E+00   0.843336E+07   0.843296E+07   0.433712E+02
   0.334223E-02   0.164480E+08   0.164454E+08  -0.560211E+04  -0.425606E+05   0.145026E+08   0.164398E+08   0.164476E+08   0.164398E+08  -0.438497E+00   0.836722E+07   0.836683E+07   0.390074E+02
   0.369313E-02   0.163033E+08   0.163005E+08  -0.459528E+03  -0.345520E+05   0.141400E+08   0.162942E+08   0.163029E+08   0.162942E+08  -0.434613E+00   0.829324E+07   0.829285E+07   0.350316E+02
   0.408087E-02   0.161421E+08   0.161390E+08  -0.784311E+04  -0.280198E+05   0.137503E+08   0.161319E+08   0.161416E+08   0.161319E+08  -0.430285E+00   0.821080E+07   0.821041E+07   0.316235E+02
   0.450932E-02   0.159629E+08   0.159595E+08  -0.771512E+04  -0.226952E+05   0.133327E+08   0.159518E+08   0.159624E+08   0.159518E+08  -0.425480E+00   0.811926E+07   0.811888E+07   0.286531E+02
   0.498275E-02   0.157647E+08   0.157609E+08  -0.160919E+04  -0.183581E+05   0.128872E+08   0.157525E+08   0.157641E+08   0.157525E+08  -0.420165E+00   0.801801E+07   0.801762E+07   0.258839E+02
   0.550589E-02   0.155462E+08   0.155418E+08  -0.213432E+04  -0.148283E+05   0.124135E+08   0.155329E+08   0.155455E+08   0.155329E+08  -0.414305E+00   0.790638E+07   0.790599E+07   0.233386E+02
   0.608395E-02   0.153063E+08   0.153013E+08  -0.470940E+04  -0.119583E+05   0.118876E+08   0.152917E+08   0.153055E+08   0.152917E+08  -0.407873E+00   0.778384E+07   0.778345E+07   0.211352E+02
   0.672270E-02   0.150429E+08   0.150372E+08  -0.372433E+04  -0.962653E+04   0.113445E+08   0.150271E+08   0.150420E+08   0.150271E+08  -0.400816E+00   0.764938E+07   0.764900E+07   0.191570E+02
   0.742851E-02   0.147550E+08   0.147484E+08  -0.375644E+04  -0.773424E+04   0.107729E+08   0.147379E+08   0.147539E+08   0.147379E+08  -0.393100E+00   0.750238E+07   0.750199E+07   0.173613E+02
   0.820842E-02   0.144413E+08   0.144336E+08  -0.253012E+04  -0.620056E+04   0.101819E+08   0.144229E+08   0.144401E+08   0.144229E+08  -0.384699E+00   0.734228E+07   0.734190E+07   0.157920E+02
   0.907022E-02   0.141005E+08   0.140916E+08  -0.297284E+04  -0.495919E+04   0.957523E+07   0.140808E+08   0.140991E+08   0.140808E+08  -0.375575E+00   0.716841E+07   0.716802E+07   0.143766E+02
   0.100225E-01   0.137311E+08   0.137208E+08  -0.222180E+04  -0.395586E+04   0.895095E+07   0.137102E+08   0.137295E+08   0.137102E+08  -0.365690E+00   0.698000E+07   0.697960E+07   0.131404E+02
   0.110747E-01   0.133319E+08   0.133198E+08  -0.229752E+04  -0.314620E+04   0.831271E+07   0.133097E+08   0.133300E+08   0.133097E+08  -0.355007E+00   0.677636E+07   0.677596E+07   0.120311E+02
   0.122375E-01   0.129013E+08   0.128873E+08  -0.153411E+04  -0.249399E+04   0.766724E+07   0.128780E+08   0.128991E+08   0.128780E+08  -0.343492E+00   0.655685E+07   0.655645E+07   0.110610E+02
   0.135223E-01   0.124384E+08   0.124221E+08  -0.121493E+04  -0.196967E+04   0.702106E+07   0.124140E+08   0.124358E+08   0.124140E+08  -0.331115E+00   0.632088E+07   0.632046E+07   0.101977E+02
   0.149420E-01   0.119421E+08   0.119232E+08  -0.116124E+04  -0.154911E+04   0.637671E+07   0.119167E+08   0.119392E+08   0.119167E+08  -0.317852E+00   0.606797E+07   0.606755E+07   0.943076E+01
   0.165107E-01   0.114121E+08   0.113903E+08  -0.895317E+03  -0.121266E+04   0.574107E+07   0.113858E+08   0.114087E+08   0.113858E+08  -0.303691E+00   0.579792E+07   0.579749E+07   0.874464E+01
   0.182442E-01   0.108487E+08   0.108237E+08  -0.765883E+03  -0.944331E+03   0.512100E+07   0.108217E+08   0.108448E+08   0.108217E+08  -0.288643E+00   0.551092E+07   0.551047E+07   0.811963E+01
   0.201596E-01   0.102534E+08   0.102250E+08  -0.562017E+03  -0.731114E+03   0.452180E+07   0.102258E+08   0.102489E+08   0.102258E+08  -0.272750E+00   0.520774E+07   0.520728E+07   0.753912E+01
   0.222762E-01   0.962932E+07   0.959754E+07  -0.494525E+03  -0.562451E+03   0.395053E+07   0.960141E+07   0.962431E+07   0.960141E+07  -0.256096E+00   0.489002E+07   0.488955E+07   0.698159E+01
   0.246149E-01   0.898209E+07   0.894701E+07  -0.371409E+03  -0.429768E+03   0.341305E+07   0.895410E+07   0.897656E+07   0.895410E+07  -0.238831E+00   0.456059E+07   0.456011E+07   0.643042E+01
   0.271992E-01   0.832010E+07   0.828211E+07  -0.198496E+03  -0.326099E+03   0.291528E+07   0.829233E+07   0.831412E+07   0.829233E+07  -0.221179E+00   0.422374E+07   0.422327E+07   0.586602E+01
   0.300549E-01   0.765516E+07   0.761499E+07  -0.181775E+03  -0.245775E+03   0.246247E+07   0.762790E+07   0.764883E+07   0.762790E+07  -0.203457E+00   0.388552E+07   0.388504E+07   0.527338E+01
   0.332103E-01   0.700239E+07   0.696117E+07  -0.162099E+03  -0.184158E+03   0.205870E+07   0.697596E+07   0.699589E+07   0.697596E+07  -0.186068E+00   0.355361E+07   0.355315E+07   0.464267E+01
   0.366970E-01   0.637939E+07   0.633863E+07  -0.903618E+02  -0.137433E+03   0.170659E+07   0.635413E+07   0.637297E+07   0.635413E+07  -0.169482E+00   0.323700E+07   0.323657E+07   0.397321E+01
   0.405498E-01   0.580408E+07   0.576560E+07  -0.732643E+02  -0.102430E+03   0.140662E+07   0.578029E+07   0.579802E+07   0.578029E+07  -0.154176E+00   0.294481E+07   0.294441E+07   0.327705E+01
   0.446048E-01   0.531103E+07   0.527646E+07  -0.762337E+02  -0.774809E+02   0.116655E+07   0.528887E+07   0.530558E+07   0.528887E+07  -0.141069E+00   0.269456E+07   0.269421E+07   0.261263E+01
   0.486598E-01   0.491860E+07   0.488885E+07  -0.593405E+02  -0.603112E+02   0.984214E+06   0.489805E+07   0.491392E+07   0.489805E+07  -0.130645E+00   0.249554E+07   0.249524E+07   0.203822E+01
   0.527148E-01   0.459951E+07   0.457479E+07  -0.472953E+02  -0.480687E+02   0.842368E+06   0.458047E+07   0.459562E+07   0.458047E+07  -0.122174E+00   0.233380E+07   0.233355E+07   0.156698E+01
   0.567697E-01   0.433080E+07   0.431068E+07  -0.384078E+02  -0.390358E+02   0.728977E+06   0.431310E+07   0.432763E+07   0.431310E+07  -0.115042E+00   0.219763E+07   0.219743E+07   0.120357E+01
   0.608247E-01   0.409404E+07   0.407766E+07  -0.316359E+02  -0.321531E+02   0.635764E+06   0.407751E+07   0.409146E+07   0.407751E+07  -0.108759E+00   0.207764E+07   0.207747E+07   0.943429E+00
   0.648797E-01   0.387490E+07   0.386110E+07  -0.263218E+02  -0.267521E+02   0.557044E+06   0.385935E+07   0.387273E+07   0.385935E+07  -0.102939E+00   0.196652E+07   0.196637E+07   0.774006E+00
   0.689347E-01   0.366347E+07   0.365104E+07  -0.220472E+02  -0.224075E+02   0.489063E+06   0.364871E+07   0.366151E+07   0.364871E+07  -0.973211E-01   0.185923E+07   0.185909E+07   0.677208E+00
   0.729897E-01   0.345290E+07   0.344078E+07  -0.185369E+02  -0.188398E+02   0.429286E+06   0.343880E+07   0.345099E+07   0.343880E+07  -0.917222E-01   0.175230E+07   0.175216E+07   0.631992E+00
   0.770447E-01   0.324300E+07   0.323041E+07  -0.156264E+02  -0.158817E+02   0.376487E+06   0.322946E+07   0.324102E+07   0.322946E+07  -0.861385E-01   0.164566E+07   0.164551E+07   0.617664E+00
   0.810996E-01   0.303798E+07   0.302447E+07  -0.132114E+02  -0.134272E+02   0.330140E+06   0.302493E+07   0.303585E+07   0.302493E+07  -0.806831E-01   0.154146E+07   0.154131E+07   0.616093E+00
   0.851546E-01   0.284353E+07   0.282906E+07  -0.112161E+02  -0.113993E+02   0.289919E+06   0.283095E+07   0.284125E+07   0.283095E+07  -0.755092E-01   0.144263E+07   0.144248E+07   0.613248E+00
   0.901812E-01   0.262475E+07   0.260943E+07  -0.923102E+01  -0.938179E+01   0.248013E+06   0.261275E+07   0.262234E+07   0.261275E+07  -0.696893E-01   0.133146E+07   0.133130E+07   0.594691E+00
   0.952077E-01   0.243685E+07   0.242144E+07  -0.768925E+01  -0.781483E+01   0.214051E+06   0.242546E+07   0.243442E+07   0.242546E+07  -0.646937E-01   0.123604E+07   0.123588E+07   0.553407E+00
   0.100234E+00   0.228269E+07   0.226803E+07  -0.649888E+01  -0.660500E+01   0.186927E+06   0.227193E+07   0.228038E+07   0.227193E+07  -0.605986E-01   0.115781E+07   0.115766E+07   0.491905E+00
   0.105261E+00   0.216003E+07   0.214683E+07  -0.557695E+01  -0.566802E+01   0.165339E+06   0.214991E+07   0.215795E+07   0.214991E+07  -0.573440E-01   0.109564E+07   0.109551E+07   0.418815E+00
   0.110287E+00   0.206188E+07   0.205052E+07  -0.485002E+01  -0.492921E+01   0.147885E+06   0.205237E+07   0.206009E+07   0.205237E+07  -0.547425E-01   0.104594E+07   0.104583E+07   0.345012E+00
   0.115314E+00   0.197885E+07   0.196934E+07  -0.425839E+01  -0.432792E+01   0.133287E+06   0.196991E+07   0.197735E+07   0.196991E+07  -0.525428E-01   0.100392E+07   0.100382E+07   0.280265E+00
   0.120340E+00   0.190192E+07   0.189394E+07  -0.375858E+01  -0.381994E+01   0.120553E+06   0.189348E+07   0.190066E+07   0.189348E+07  -0.505043E-01   0.964978E+06   0.964895E+06   0.230995E+00
   0.125367E+00   0.182435E+07   0.181736E+07  -0.332228E+01  -0.337653E+01   0.109024E+06   0.181633E+07   0.182325E+07   0.181633E+07  -0.484464E-01   0.925665E+06   0.925590E+06   0.199365E+00
   0.130394E+00   0.174267E+07   0.173610E+07  -0.293373E+01  -0.298163E+01   0.983605E+05   0.173500E+07   0.174163E+07   0.173500E+07  -0.462772E-01   0.884224E+06   0.884152E+06   0.183607E+00
   0.135420E+00   0.165691E+07   0.165025E+07  -0.258615E+01  -0.262837E+01   0.884737E+05   0.164953E+07   0.165586E+07   0.164953E+07  -0.439976E-01   0.840674E+06   0.840601E+06   0.179214E+00
   0.140447E+00   0.156965E+07   0.156261E+07  -0.227767E+01  -0.231485E+01   0.794154E+05   0.156253E+07   0.156854E+07   0.156253E+07  -0.416771E-01   0.796341E+06   0.796265E+06   0.180507E+00
   0.145473E+00   0.148470E+07   0.147719E+07  -0.200799E+01  -0.204077E+01   0.712797E+05   0.147781E+07   0.148351E+07   0.147781E+07  -0.394173E-01   0.753168E+06   0.753089E+06   0.182141E+00
   0.150500E+00   0.140602E+07   0.139819E+07  -0.177661E+01  -0.180561E+01   0.641456E+05   0.139937E+07   0.140478E+07   0.139937E+07  -0.373251E-01   0.713196E+06   0.713115E+06   0.180239E+00
   0.155526E+00   0.133688E+07   0.132900E+07  -0.158180E+01  -0.160761E+01   0.580374E+05   0.133048E+07   0.133564E+07   0.133048E+07  -0.354876E-01   0.678089E+06   0.678009E+06   0.172943E+00
   0.160553E+00   0.127877E+07   0.127116E+07  -0.141981E+01  -0.144298E+01   0.528951E+05   0.127263E+07   0.127757E+07   0.127263E+07  -0.339445E-01   0.648607E+06   0.648530E+06   0.160375E+00
   0.165579E+00   0.123094E+07   0.122386E+07  -0.128505E+01  -0.130602E+01   0.485741E+05   0.122506E+07   0.122983E+07   0.122506E+07  -0.326756E-01   0.624364E+06   0.624292E+06   0.144152E+00
   0.170606E+00   0.119099E+07   0.118460E+07  -0.117125E+01  -0.119036E+01   0.448879E+05   0.118536E+07   0.118998E+07   0.118536E+07  -0.316169E-01   0.604134E+06   0.604070E+06   0.126660E+00
   0.175633E+00   0.115592E+07   0.115025E+07  -0.107271E+01  -0.109022E+01   0.416557E+05   0.115053E+07   0.115503E+07   0.115053E+07  -0.306879E-01   0.586384E+06   0.586326E+06   0.110311E+00
   0.180659E+00   0.112274E+07   0.111770E+07  -0.984824E+00  -0.100090E+01   0.387256E+05   0.111758E+07   0.112195E+07   0.111758E+07  -0.298088E-01   0.569589E+06   0.569536E+06   0.969417E-01
   0.185686E+00   0.108896E+07   0.108435E+07  -0.904225E+00  -0.918982E+00   0.359845E+05   0.108398E+07   0.108823E+07   0.108398E+07  -0.289129E-01   0.552470E+06   0.552421E+06   0.874755E-01
   0.190712E+00   0.105311E+07   0.104873E+07  -0.828996E+00  -0.842525E+00   0.333703E+05   0.104831E+07   0.105242E+07   0.104831E+07  -0.279613E-01   0.534289E+06   0.534242E+06   0.818747E-01
   0.195739E+00   0.101517E+07   0.101082E+07  -0.758615E+00  -0.770994E+00   0.308731E+05   0.101052E+07   0.101449E+07   0.101052E+07  -0.269533E-01   0.515030E+06   0.514983E+06   0.793287E-01
   0.200765E+00   0.976202E+06   0.971755E+06  -0.693407E+00  -0.704722E+00   0.285165E+05   0.971679E+06   0.975501E+06   0.971679E+06  -0.259173E-01   0.495236E+06   0.495189E+06   0.785813E-01
   0.205792E+00   0.937693E+06   0.933103E+06  -0.633894E+00  -0.644238E+00   0.263321E+05   0.933294E+06   0.936970E+06   0.933294E+06  -0.248935E-01   0.475674E+06   0.475626E+06   0.782969E-01
   0.210818E+00   0.901132E+06   0.896431E+06  -0.580458E+00  -0.589929E+00   0.243457E+05   0.896855E+06   0.900392E+06   0.896855E+06  -0.239216E-01   0.457104E+06   0.457055E+06   0.773799E-01
   0.215845E+00   0.867778E+06   0.863055E+06  -0.533232E+00  -0.541933E+00   0.225729E+05   0.863625E+06   0.867034E+06   0.863625E+06  -0.230353E-01   0.440169E+06   0.440120E+06   0.751791E-01
   0.220871E+00   0.838402E+06   0.833771E+06  -0.492000E+00  -0.500028E+00   0.210135E+05   0.834376E+06   0.837673E+06   0.834376E+06  -0.222551E-01   0.425262E+06   0.425215E+06   0.715460E-01
   0.225898E+00   0.813035E+06   0.808603E+06  -0.456127E+00  -0.463569E+00   0.196487E+05   0.809137E+06   0.812337E+06   0.809137E+06  -0.215819E-01   0.412399E+06   0.412354E+06   0.667621E-01
   0.230925E+00   0.791002E+06   0.786842E+06  -0.424673E+00  -0.431602E+00   0.184450E+05   0.787231E+06   0.790347E+06   0.787231E+06  -0.209976E-01   0.401234E+06   0.401192E+06   0.613833E-01
   0.235951E+00   0.771231E+06   0.767371E+06  -0.396622E+00  -0.403094E+00   0.173639E+05   0.767582E+06   0.770623E+06   0.767582E+06  -0.204735E-01   0.391220E+06   0.391181E+06   0.560537E-01
   0.240978E+00   0.752574E+06   0.748992E+06  -0.371066E+00  -0.377120E+00   0.163697E+05   0.749040E+06   0.752010E+06   0.749040E+06  -0.199790E-01   0.381770E+06   0.381733E+06   0.513355E-01
   0.246004E+00   0.734035E+06   0.730675E+06  -0.347298E+00  -0.352965E+00   0.154345E+05   0.730607E+06   0.733506E+06   0.730607E+06  -0.194873E-01   0.372376E+06   0.372341E+06   0.475887E-01
   0.251031E+00   0.714970E+06   0.711754E+06  -0.324873E+00  -0.330174E+00   0.145408E+05   0.711638E+06   0.714463E+06   0.711638E+06  -0.189813E-01   0.362708E+06   0.362674E+06   0.449217E-01
   0.256057E+00   0.695197E+06   0.692051E+06  -0.303610E+00  -0.308564E+00   0.136826E+05   0.691952E+06   0.694702E+06   0.691952E+06  -0.184563E-01   0.352675E+06   0.352642E+06   0.432101E-01
   0.261084E+00   0.674959E+06   0.671824E+06  -0.283528E+00  -0.288154E+00   0.128626E+05   0.671795E+06   0.674465E+06   0.671795E+06  -0.179186E-01   0.342402E+06   0.342369E+06   0.421658E-01
   0.266110E+00   0.654745E+06   0.651591E+06  -0.264741E+00  -0.269060E+00   0.120874E+05   0.651656E+06   0.654248E+06   0.651656E+06  -0.173814E-01   0.332138E+06   0.332105E+06   0.414318E-01
   0.271137E+00   0.635125E+06   0.631952E+06  -0.247370E+00  -0.251406E+00   0.113644E+05   0.632109E+06   0.634626E+06   0.632109E+06  -0.168601E-01   0.322176E+06   0.322143E+06   0.406747E-01
   0.276164E+00   0.616637E+06   0.613467E+06  -0.231503E+00  -0.235280E+00   0.106993E+05   0.613694E+06   0.616138E+06   0.613694E+06  -0.163689E-01   0.312790E+06   0.312758E+06   0.396560E-01
   0.281190E+00   0.599660E+06   0.596531E+06  -0.217152E+00  -0.220695E+00   0.100944E+05   0.596789E+06   0.599167E+06   0.596789E+06  -0.159180E-01   0.304175E+06   0.304143E+06   0.382667E-01
   0.286217E+00   0.584313E+06   0.581265E+06  -0.204229E+00  -0.207561E+00   0.954716E+04   0.581514E+06   0.583833E+06   0.581514E+06  -0.155106E-01   0.296390E+06   0.296358E+06   0.365261E-01
   0.291243E+00   0.570434E+06   0.567500E+06  -0.192558E+00  -0.195700E+00   0.905074E+04   0.567708E+06   0.569972E+06   0.567708E+06  -0.151423E-01   0.289353E+06   0.289323E+06   0.345522E-01
   0.296270E+00   0.557682E+06   0.554880E+06  -0.181924E+00  -0.184892E+00   0.859614E+04   0.555026E+06   0.557241E+06   0.555026E+06  -0.148041E-01   0.282890E+06   0.282861E+06   0.325149E-01
   0.301296E+00   0.545657E+06   0.542985E+06  -0.172115E+00  -0.174923E+00   0.817441E+04   0.543068E+06   0.545236E+06   0.543068E+06  -0.144851E-01   0.276795E+06   0.276767E+06   0.305867E-01
   0.306323E+00   0.533983E+06   0.531428E+06  -0.162954E+00  -0.165613E+00   0.777781E+04   0.531458E+06   0.533580E+06   0.531458E+06  -0.141754E-01   0.270877E+06   0.270851E+06   0.289009E-01
   0.311349E+00   0.522360E+06   0.519896E+06  -0.154304E+00  -0.156821E+00   0.740050E+04   0.519895E+06   0.521972E+06   0.519895E+06  -0.138670E-01   0.264984E+06   0.264958E+06   0.275262E-01
   0.316376E+00   0.510614E+06   0.508213E+06  -0.146081E+00  -0.148464E+00   0.703894E+04   0.508205E+06   0.510236E+06   0.508205E+06  -0.135552E-01   0.259026E+06   0.259001E+06   0.264620E-01
   0.321403E+00   0.498735E+06   0.496371E+06  -0.138254E+00  -0.140510E+00   0.669212E+04   0.496378E+06   0.498362E+06   0.496378E+06  -0.132398E-01   0.252998E+06   0.252973E+06   0.256508E-01
   0.326429E+00   0.486863E+06   0.484519E+06  -0.130838E+00  -0.132972E+00   0.636114E+04   0.484556E+06   0.486494E+06   0.484556E+06  -0.129244E-01   0.246973E+06   0.246948E+06   0.250005E-01
   0.331456E+00   0.475219E+06   0.472889E+06  -0.123864E+00  -0.125884E+00   0.604794E+04   0.472959E+06   0.474852E+06   0.472959E+06  -0.126151E-01   0.241063E+06   0.241038E+06   0.244113E-01
   0.336482E+00   0.464012E+06   0.461700E+06  -0.117356E+00  -0.119270E+00   0.575409E+04   0.461800E+06   0.463648E+06   0.461800E+06  -0.123175E-01   0.235375E+06   0.235351E+06   0.237980E-01
   0.341509E+00   0.453390E+06   0.451105E+06  -0.111318E+00  -0.113134E+00   0.548024E+04   0.451223E+06   0.453030E+06   0.451223E+06  -0.120354E-01   0.229984E+06   0.229961E+06   0.231067E-01
   0.346535E+00   0.443421E+06   0.441177E+06  -0.105735E+00  -0.107460E+00   0.522596E+04   0.441300E+06   0.443067E+06   0.441300E+06  -0.117707E-01   0.224927E+06   0.224904E+06   0.223205E-01
   0.351562E+00   0.434105E+06   0.431916E+06  -0.100575E+00  -0.102216E+00   0.499007E+04   0.432030E+06   0.433760E+06   0.432030E+06  -0.115234E-01   0.220202E+06   0.220179E+06   0.214566E-01
   0.356588E+00   0.425377E+06   0.423250E+06  -0.957952E-01  -0.973580E-01   0.477072E+04   0.423345E+06   0.425042E+06   0.423345E+06  -0.112918E-01   0.215776E+06   0.215754E+06   0.205556E-01
   0.361615E+00   0.417109E+06   0.415048E+06  -0.913411E-01  -0.928312E-01   0.456549E+04   0.415120E+06   0.416784E+06   0.415120E+06  -0.110724E-01   0.211583E+06   0.211562E+06   0.196673E-01
   0.366641E+00   0.409145E+06   0.407148E+06  -0.871583E-01  -0.885801E-01   0.437191E+04   0.407198E+06   0.408830E+06   0.407198E+06  -0.108611E-01   0.207545E+06   0.207525E+06   0.188368E-01
   0.371668E+00   0.401343E+06   0.399402E+06  -0.832002E-01  -0.845575E-01   0.418782E+04   0.399435E+06   0.401037E+06   0.399435E+06  -0.106540E-01   0.203589E+06   0.203569E+06   0.180954E-01
   0.376695E+00   0.393614E+06   0.391719E+06  -0.794352E-01  -0.807311E-01   0.401181E+04   0.391744E+06   0.393315E+06   0.391744E+06  -0.104489E-01   0.199669E+06   0.199649E+06   0.174552E-01
   0.381721E+00   0.385928E+06   0.384069E+06  -0.758468E-01  -0.770841E-01   0.384318E+04   0.384094E+06   0.385635E+06   0.384094E+06  -0.102448E-01   0.195770E+06   0.195751E+06   0.169099E-01
   0.386748E+00   0.378309E+06   0.376477E+06  -0.724292E-01  -0.736108E-01   0.368179E+04   0.376509E+06   0.378020E+06   0.376509E+06  -0.100425E-01   0.191904E+06   0.191885E+06   0.164387E-01
   0.391774E+00   0.370806E+06   0.368998E+06  -0.691827E-01  -0.703113E-01   0.352776E+04   0.369040E+06   0.370521E+06   0.369040E+06  -0.984331E-02   0.188097E+06   0.188078E+06   0.160134E-01
   0.396801E+00   0.363484E+06   0.361697E+06  -0.661092E-01  -0.671876E-01   0.338133E+04   0.361750E+06   0.363203E+06   0.361750E+06  -0.964887E-02   0.184382E+06   0.184363E+06   0.156054E-01
   0.401827E+00   0.356403E+06   0.354639E+06  -0.632096E-01  -0.642408E-01   0.324266E+04   0.354701E+06   0.356126E+06   0.354701E+06  -0.946085E-02   0.180789E+06   0.180771E+06   0.151925E-01
   0.406854E+00   0.349612E+06   0.347874E+06  -0.604824E-01  -0.614691E-01   0.311178E+04   0.347940E+06   0.349338E+06   0.347940E+06  -0.928053E-02   0.177343E+06   0.177325E+06   0.147624E-01
   0.411880E+00   0.343133E+06   0.341426E+06  -0.579217E-01  -0.588666E-01   0.298851E+04   0.341492E+06   0.342864E+06   0.341492E+06  -0.910854E-02   0.174057E+06   0.174039E+06   0.143132E-01
   0.416907E+00   0.336958E+06   0.335285E+06  -0.555162E-01  -0.564218E-01   0.287234E+04   0.335347E+06   0.336694E+06   0.335347E+06  -0.894462E-02   0.170924E+06   0.170907E+06   0.138519E-01
   0.421934E+00   0.331043E+06   0.329407E+06  -0.532502E-01  -0.541189E-01   0.276257E+04   0.329461E+06   0.330785E+06   0.329461E+06  -0.878763E-02   0.167925E+06   0.167908E+06   0.133908E-01
   0.426960E+00   0.325332E+06   0.323733E+06  -0.511070E-01  -0.519407E-01   0.265841E+04   0.323779E+06   0.325080E+06   0.323779E+06  -0.863606E-02   0.165028E+06   0.165012E+06   0.129437E-01
   0.431987E+00   0.319776E+06   0.318212E+06  -0.490722E-01  -0.498727E-01   0.255917E+04   0.318250E+06   0.319529E+06   0.318250E+06  -0.848860E-02   0.162211E+06   0.162194E+06   0.125227E-01
   0.437013E+00   0.314339E+06   0.312807E+06  -0.471347E-01  -0.479036E-01   0.246436E+04   0.312839E+06   0.314097E+06   0.312839E+06  -0.834429E-02   0.159453E+06   0.159437E+06   0.121351E-01
   0.442040E+00   0.308995E+06   0.307492E+06  -0.452859E-01  -0.460246E-01   0.237355E+04   0.307521E+06   0.308758E+06   0.307521E+06  -0.820244E-02   0.156742E+06   0.156727E+06   0.117829E-01
   0.447066E+00   0.303729E+06   0.302250E+06  -0.435188E-01  -0.442288E-01   0.228645E+04   0.302280E+06   0.303496E+06   0.302280E+06  -0.806265E-02   0.154071E+06   0.154056E+06   0.114627E-01
   0.452093E+00   0.298543E+06   0.297086E+06  -0.418299E-01  -0.425123E-01   0.220292E+04   0.297118E+06   0.298314E+06   0.297118E+06  -0.792496E-02   0.151440E+06   0.151425E+06   0.111673E-01
   0.457119E+00   0.293457E+06   0.292019E+06  -0.402179E-01  -0.408740E-01   0.212293E+04   0.292055E+06   0.293230E+06   0.292055E+06  -0.778991E-02   0.148859E+06   0.148844E+06   0.108883E-01
   0.462146E+00   0.288497E+06   0.287079E+06  -0.386827E-01  -0.393137E-01   0.204652E+04   0.287118E+06   0.288273E+06   0.287118E+06  -0.765822E-02   0.146343E+06   0.146328E+06   0.106178E-01
   0.467172E+00   0.283685E+06   0.282287E+06  -0.372234E-01  -0.378306E-01   0.197369E+04   0.282328E+06   0.283464E+06   0.282328E+06  -0.753047E-02   0.143902E+06   0.143887E+06   0.103498E-01
   0.472199E+00   0.279029E+06   0.277653E+06  -0.358373E-01  -0.364219E-01   0.190432E+04   0.277695E+06   0.278813E+06   0.277695E+06  -0.740688E-02   0.141540E+06   0.141526E+06   0.100812E-01
   0.477226E+00   0.274529E+06   0.273174E+06  -0.345205E-01  -0.350836E-01   0.183825E+04   0.273216E+06   0.274316E+06   0.273216E+06  -0.728741E-02   0.139257E+06   0.139243E+06   0.981180E-02
   0.482252E+00   0.270175E+06   0.268843E+06  -0.332685E-01  -0.338112E-01   0.177527E+04   0.268882E+06   0.269965E+06   0.268882E+06  -0.717183E-02   0.137049E+06   0.137035E+06   0.954375E-02
   0.487279E+00   0.265954E+06   0.264646E+06  -0.320767E-01  -0.326000E-01   0.171516E+04   0.264682E+06   0.265748E+06   0.264682E+06  -0.705980E-02   0.134908E+06   0.134894E+06   0.928071E-02
   0.492305E+00   0.261852E+06   0.260567E+06  -0.309405E-01  -0.314452E-01   0.165771E+04   0.260600E+06   0.261650E+06   0.260600E+06  -0.695093E-02   0.132827E+06   0.132814E+06   0.902654E-02
   0.497332E+00   0.257851E+06   0.256588E+06  -0.298550E-01  -0.303420E-01   0.160269E+04   0.256618E+06   0.257652E+06   0.256618E+06  -0.684472E-02   0.130798E+06   0.130785E+06   0.878429E-02
   0.502358E+00   0.253932E+06   0.252690E+06  -0.288159E-01  -0.292860E-01   0.154987E+04   0.252718E+06   0.253736E+06   0.252718E+06  -0.674069E-02   0.128810E+06   0.128797E+06   0.855560E-02
   0.507385E+00   0.250084E+06   0.248861E+06  -0.278197E-01  -0.282735E-01   0.149911E+04   0.248888E+06   0.249891E+06   0.248888E+06  -0.663854E-02   0.126858E+06   0.126845E+06   0.834051E-02
   0.512411E+00   0.246304E+06   0.245099E+06  -0.268644E-01  -0.273026E-01   0.145030E+04   0.245126E+06   0.246114E+06   0.245126E+06  -0.653819E-02   0.124940E+06   0.124928E+06   0.813776E-02
   0.517438E+00   0.242597E+06   0.241409E+06  -0.259485E-01  -0.263718E-01   0.140338E+04   0.241437E+06   0.242410E+06   0.241437E+06  -0.643979E-02   0.123060E+06   0.123048E+06   0.794517E-02
   0.522465E+00   0.238970E+06   0.237798E+06  -0.250711E-01  -0.254801E-01   0.135833E+04   0.237827E+06   0.238785E+06   0.237827E+06  -0.634350E-02   0.121220E+06   0.121208E+06   0.776022E-02
   0.527491E+00   0.235427E+06   0.234271E+06  -0.242309E-01  -0.246262E-01   0.131509E+04   0.234300E+06   0.235245E+06   0.234300E+06  -0.624943E-02   0.119422E+06   0.119410E+06   0.758051E-02
   0.532518E+00   0.231969E+06   0.230829E+06  -0.234265E-01  -0.238086E-01   0.127360E+04   0.230859E+06   0.231790E+06   0.230859E+06  -0.615765E-02   0.117669E+06   0.117657E+06   0.740430E-02
   0.537544E+00   0.228600E+06   0.227476E+06  -0.226565E-01  -0.230260E-01   0.123380E+04   0.227505E+06   0.228423E+06   0.227505E+06  -0.606820E-02   0.115959E+06   0.115948E+06   0.723070E-02
   0.542571E+00   0.225319E+06   0.224212E+06  -0.219195E-01  -0.222771E-01   0.119563E+04   0.224241E+06   0.225145E+06   0.224241E+06  -0.598112E-02   0.114295E+06   0.114284E+06   0.705972E-02
   0.547597E+00   0.222126E+06   0.221034E+06  -0.212140E-01  -0.215601E-01   0.115901E+04   0.221063E+06   0.221954E+06   0.221063E+06  -0.589635E-02   0.112675E+06   0.112664E+06   0.689200E-02
   0.552624E+00   0.219013E+06   0.217937E+06  -0.205379E-01  -0.208730E-01   0.112385E+04   0.217964E+06   0.218843E+06   0.217964E+06  -0.581371E-02   0.111096E+06   0.111085E+06   0.672846E-02
   0.557650E+00   0.215970E+06   0.214911E+06  -0.198892E-01  -0.202137E-01   0.109004E+04   0.214937E+06   0.215803E+06   0.214937E+06  -0.573295E-02   0.109553E+06   0.109542E+06   0.657004E-02
   0.562677E+00   0.212991E+06   0.211947E+06  -0.192660E-01  -0.195803E-01   0.105749E+04   0.211972E+06   0.212827E+06   0.211972E+06  -0.565388E-02   0.108042E+06   0.108031E+06   0.641745E-02
   0.567703E+00   0.210072E+06   0.209042E+06  -0.186669E-01  -0.189714E-01   0.102614E+04   0.209066E+06   0.209909E+06   0.209066E+06  -0.557637E-02   0.106561E+06   0.106550E+06   0.627108E-02
   0.572730E+00   0.207210E+06   0.206195E+06  -0.180909E-01  -0.183860E-01   0.995932E+03   0.206218E+06   0.207050E+06   0.206218E+06  -0.550040E-02   0.105109E+06   0.105099E+06   0.613086E-02
   0.577757E+00   0.204403E+06   0.203402E+06  -0.175367E-01  -0.178228E-01   0.966820E+03   0.203425E+06   0.204246E+06   0.203425E+06  -0.542591E-02   0.103686E+06   0.103675E+06   0.599631E-02
   0.582783E+00   0.201651E+06   0.200663E+06  -0.170035E-01  -0.172808E-01   0.938748E+03   0.200686E+06   0.201496E+06   0.200686E+06  -0.535285E-02   0.102290E+06   0.102279E+06   0.586671E-02
   0.587810E+00   0.198952E+06   0.197977E+06  -0.164902E-01  -0.167592E-01   0.911679E+03   0.198000E+06   0.198799E+06   0.198000E+06  -0.528121E-02   0.100920E+06   0.100910E+06   0.574121E-02
   0.592836E+00   0.196309E+06   0.195346E+06  -0.159964E-01  -0.162573E-01   0.885587E+03   0.195369E+06   0.196157E+06   0.195369E+06  -0.521103E-02   0.995795E+05   0.995695E+05   0.561912E-02
   0.597863E+00   0.193723E+06   0.192773E+06  -0.155214E-01  -0.157746E-01   0.860442E+03   0.192796E+06   0.193573E+06   0.192796E+06  -0.514239E-02   0.982678E+05   0.982580E+05   0.549994E-02
   0.602889E+00   0.191196E+06   0.190257E+06  -0.150645E-01  -0.153102E-01   0.836218E+03   0.190280E+06   0.191048E+06   0.190280E+06  -0.507529E-02   0.969857E+05   0.969759E+05   0.538338E-02
   0.607916E+00   0.188724E+06   0.187798E+06  -0.146249E-01  -0.148635E-01   0.812871E+03   0.187820E+06   0.188578E+06   0.187820E+06  -0.500969E-02   0.957320E+05   0.957224E+05   0.526936E-02
   0.612942E+00   0.186305E+06   0.185391E+06  -0.142016E-01  -0.144333E-01   0.790351E+03   0.185413E+06   0.186161E+06   0.185413E+06  -0.494548E-02   0.945050E+05   0.944955E+05   0.515799E-02
   0.662979E+00   0.164662E+06   0.163854E+06  -0.107287E-01  -0.109037E-01   0.604041E+03   0.163873E+06   0.164534E+06   0.163873E+06  -0.437093E-02   0.835259E+05   0.835175E+05   0.421246E-02
   0.717100E+00   0.145410E+06   0.144698E+06  -0.809832E-02  -0.823042E-02   0.460815E+03   0.144713E+06   0.145298E+06   0.144713E+06  -0.385990E-02   0.737606E+05   0.737532E+05   0.343742E-02
   0.775640E+00   0.128304E+06   0.127675E+06  -0.610777E-02  -0.620740E-02   0.350939E+03   0.127689E+06   0.128205E+06   0.127689E+06  -0.340581E-02   0.650832E+05   0.650767E+05   0.280337E-02
   0.838958E+00   0.113122E+06   0.112568E+06  -0.460292E-02  -0.467800E-02   0.266826E+03   0.112580E+06   0.113035E+06   0.112580E+06  -0.300281E-02   0.573822E+05   0.573764E+05   0.228458E-02
   0.907445E+00   0.996661E+05   0.991777E+05  -0.346636E-02  -0.352290E-02   0.202566E+03   0.991880E+05   0.995892E+05   0.991880E+05  -0.264562E-02   0.505564E+05   0.505513E+05   0.186042E-02
   0.981523E+00   0.877476E+05   0.873176E+05  -0.260857E-02  -0.265112E-02   0.153557E+03   0.873265E+05   0.876798E+05   0.873265E+05  -0.232924E-02   0.445106E+05   0.445061E+05   0.151392E-02
   0.106165E+01   0.772012E+05   0.768230E+05  -0.196171E-02  -0.199370E-02   0.116244E+03   0.768307E+05   0.771416E+05   0.768307E+05  -0.204929E-02   0.391608E+05   0.391569E+05   0.123108E-02
   0.114831E+01   0.678788E+05   0.675463E+05  -0.147430E-02  -0.149834E-02   0.878843E+02   0.675530E+05   0.678264E+05   0.675530E+05  -0.180182E-02   0.344320E+05   0.344285E+05   0.100042E-02
   0.124205E+01   0.596436E+05   0.593514E+05  -0.110727E-02  -0.112534E-02   0.663609E+02   0.593572E+05   0.595975E+05   0.593572E+05  -0.158322E-02   0.302546E+05   0.302516E+05   0.812435E-03
   0.134345E+01   0.523756E+05   0.521190E+05  -0.831116E-03  -0.844672E-03   0.500504E+02   0.521241E+05   0.523352E+05   0.521241E+05  -0.139029E-02   0.265679E+05   0.265652E+05   0.659351E-03
   0.145312E+01   0.459664E+05   0.457412E+05  -0.623467E-03  -0.633637E-03   0.377076E+02   0.457457E+05   0.459309E+05   0.457457E+05  -0.122016E-02   0.233167E+05   0.233144E+05   0.534780E-03
   0.157174E+01   0.403185E+05   0.401210E+05  -0.467432E-03  -0.475056E-03   0.283792E+02   0.401249E+05   0.402874E+05   0.401249E+05  -0.107024E-02   0.204518E+05   0.204498E+05   0.433477E-03
   0.170005E+01   0.353450E+05   0.351719E+05  -0.350253E-03  -0.355966E-03   0.213378E+02   0.351752E+05   0.353177E+05   0.351752E+05  -0.938220E-03   0.179290E+05   0.179272E+05   0.351151E-03
   0.183883E+01   0.309688E+05   0.308172E+05  -0.262313E-03  -0.266591E-03   0.160289E+02   0.308201E+05   0.309449E+05   0.308201E+05  -0.822056E-03   0.157091E+05   0.157076E+05   0.284293E-03
   0.186936E+01   0.301197E+05   0.299722E+05  -0.246855E-03  -0.250881E-03   0.150932E+02   0.299750E+05   0.300965E+05   0.299750E+05  -0.799516E-03   0.152784E+05   0.152769E+05   0.271944E-03
   0.233745E+01   0.206092E+05   0.205083E+05  -0.108032E-03  -0.109795E-03   0.664943E+01   0.205102E+05   0.205933E+05   0.205102E+05  -0.547064E-03   0.104542E+05   0.104531E+05   0.148495E-03
   0.292275E+01   0.140492E+05   0.139804E+05  -0.471026E-04  -0.478709E-04   0.291253E+01   0.139817E+05   0.140383E+05   0.139817E+05  -0.372930E-03   0.712652E+04   0.712581E+04   0.806959E-04
   0.365461E+01   0.954471E+04   0.949800E+04  -0.204672E-04  -0.208010E-04   0.126951E+01   0.949886E+04   0.953735E+04   0.949886E+04  -0.253361E-03   0.484161E+04   0.484114E+04   0.436284E-04
   0.456974E+01   0.646446E+04   0.643282E+04  -0.886602E-05  -0.901063E-05   0.551078E+00   0.643340E+04   0.645947E+04   0.643340E+04  -0.171596E-03   0.327913E+04   0.327881E+04   0.234507E-04
   0.571401E+01   0.436587E+04   0.434452E+04  -0.382973E-05  -0.389220E-05   0.238370E+00   0.434490E+04   0.436251E+04   0.434490E+04  -0.115890E-03   0.221462E+04   0.221440E+04   0.125147E-04
   0.714480E+01   0.294092E+04   0.292654E+04  -0.164999E-05  -0.167690E-05   0.102791E+00   0.292679E+04   0.293866E+04   0.292679E+04  -0.780656E-04   0.149180E+04   0.149166E+04   0.661484E-05
